,percent_open,datastream_flow,occupancy,evacuation_cfm,datastream_and_calculated_cfm_std,datastream_and_calculated_cfm_mean,fumehood
2013-10-24 17:00:00-05:00,56.974998,334.78303999999997,True,650.0,222.89204996100844,492.39152,ottomaass-120-7__otto-38
2013-10-24 18:00:00-05:00,56.97499800000001,334.78303999999997,False,483.5357295541667,105.18403550348881,409.15938477708335,ottomaass-120-7__otto-38
2013-10-24 19:00:00-05:00,56.974998000000014,334.78303999999997,False,473.9607646125001,98.41351286361268,404.37190230625004,ottomaass-120-7__otto-38
2013-10-24 20:00:00-05:00,56.974998000000014,390.40363999999994,False,478.7482470833334,62.469070749885915,434.5759435416667,ottomaass-120-7__otto-38
2013-10-24 21:00:00-05:00,56.974998000000014,334.78303999999997,False,483.5357295541667,105.18403550348881,409.15938477708335,ottomaass-120-7__otto-38
2013-10-24 22:00:00-05:00,56.974998000000014,392.52251999999993,False,493.1106944958334,71.12658029317994,442.81660724791664,ottomaass-120-7__otto-38
2013-10-24 23:00:00-05:00,56.97499800000002,373.2760266666666,True,650.0,195.67339806088532,511.63801333333333,ottomaass-120-7__otto-38
2013-10-25 00:00:00-05:00,56.97499800000002,334.42989333333327,False,473.9607646125001,98.66322526636613,404.1953289729167,ottomaass-120-7__otto-38
2013-10-25 01:00:00-05:00,56.974998,334.78303999999997,False,497.89817696666677,115.33981946330276,416.34060848333337,ottomaass-120-7__otto-38
2013-10-25 02:00:00-05:00,,,False,,,,ottomaass-120-7__otto-38
2013-10-25 03:00:00-05:00,56.97499800000002,334.7830399999999,False,493.1106944958334,111.95455814336447,413.94686724791666,ottomaass-120-7__otto-38
2013-10-25 04:00:00-05:00,56.974998000000014,334.78303999999997,False,459.59831720000005,88.25772890379879,397.1906786,ottomaass-120-7__otto-38
2013-10-25 05:00:00-05:00,56.97499800000002,334.7830399999999,False,478.7482470833334,101.79877418355039,406.7656435416667,ottomaass-120-7__otto-38
2013-10-25 06:00:00-05:00,56.974998000000014,334.78303999999997,False,483.5357295541667,105.18403550348881,409.15938477708335,ottomaass-120-7__otto-38
2013-10-25 07:00:00-05:00,,,False,,,,ottomaass-120-7__otto-38
2013-10-25 08:00:00-05:00,,,False,,,,ottomaass-120-7__otto-38
2013-10-25 09:00:00-05:00,56.924999,563.62208,False,487.8946789291668,53.54735881881885,525.7583794645834,ottomaass-120-7__otto-38
2013-10-25 10:00:00-05:00,56.924999,449.20256,False,454.4117107673612,3.6834258318373063,451.8071353836806,ottomaass-120-7__otto-38
2013-10-25 11:00:00-05:00,56.92499900000001,413.1815999999999,False,463.9782730993056,35.918672010235504,438.57993654965276,ottomaass-120-7__otto-38
2013-10-25 12:00:00-05:00,,,True,,,,ottomaass-120-7__otto-38
2013-10-25 13:00:00-05:00,77.26749799999999,534.1696479999998,True,650.0,81.90442736642524,592.0848239999999,ottomaass-120-7__otto-38
2013-10-25 14:00:00-05:00,77.29499799999998,622.526944,False,617.0180569513888,3.895371388841093,619.7725004756944,ottomaass-120-7__otto-38
2013-10-25 15:00:00-05:00,53.6799965,530.77944,False,464.59291415243064,46.80094124999461,497.68617707621536,ottomaass-120-7__otto-38
2013-10-25 16:00:00-05:00,65.01583291666667,482.39834666666667,False,551.7767319962386,49.05792673431454,517.0875393314526,ottomaass-120-7__otto-38
2013-10-25 17:00:00-05:00,65.02916666666664,379.27952,True,650.0,191.42828721407707,514.63976,ottomaass-120-7__otto-38
2013-10-25 18:00:00-05:00,65.01166666666667,379.27952,False,557.2041597222224,125.81171928775655,468.2418398611112,ottomaass-120-7__otto-38
2013-10-25 19:00:00-05:00,65.02333333333333,379.80924,True,650.0,191.0537186099468,514.90462,ottomaass-120-7__otto-38
2013-10-25 20:00:00-05:00,65.02799999999999,381.3984,False,557.3441499999999,124.41243294595263,469.37127499999997,ottomaass-120-7__otto-38
2013-10-25 21:00:00-05:00,65.04666666666667,379.63266666666664,False,568.4355925925926,133.50382923008362,474.0341296296296,ottomaass-120-7__otto-38
2013-10-25 22:00:00-05:00,65.07,375.04175999999995,False,519.4303124999999,102.09812459845993,447.2360362499999,ottomaass-120-7__otto-38
2013-10-25 23:00:00-05:00,65.0,375.04175999999995,False,562.5659722222222,132.5996420989986,468.80386611111106,ottomaass-120-7__otto-38
2013-10-26 00:00:00-05:00,65.035,375.04176,False,546.4746527777778,121.22136100159314,460.7582063888889,ottomaass-120-7__otto-38
2013-10-26 01:00:00-05:00,65.04083333333331,375.04176,False,519.1974855324072,101.9334910708315,447.11962276620363,ottomaass-120-7__otto-38
2013-10-26 02:00:00-05:00,65.0,375.04176,False,557.1041666666666,128.73756235314295,466.0729633333333,ottomaass-120-7__otto-38
2013-10-26 03:00:00-05:00,65.03181818181817,375.04176,False,524.5899999999998,105.74657461851332,449.8158799999999,ottomaass-120-7__otto-38
2013-10-26 04:00:00-05:00,65.05999999999999,375.04176,False,541.2178749999999,117.50425778773592,458.12981749999994,ottomaass-120-7__otto-38
2013-10-26 05:00:00-05:00,65.0,377.16064,False,557.1041666666666,127.23928793662274,467.1324033333333,ottomaass-120-7__otto-38
2013-10-26 06:00:00-05:00,65.0,377.16064,False,535.2569444444445,111.79096895319988,456.2087922222222,ottomaass-120-7__otto-38
2013-10-26 07:00:00-05:00,65.0,377.16064,False,562.5659722222222,131.10136768247784,469.8633061111111,ottomaass-120-7__otto-38
2013-10-26 08:00:00-05:00,65.01166666666666,377.16064,False,546.2785879629629,119.58444782496491,461.7196139814814,ottomaass-120-7__otto-38
2013-10-26 09:00:00-05:00,65.07,377.16064,False,519.4303124999999,100.59985018193919,448.29547625,ottomaass-120-7__otto-38
2013-10-26 10:00:00-05:00,65.014,379.27952,True,650.0,191.42828721407707,514.63976,ottomaass-120-7__otto-38
2013-10-26 11:00:00-05:00,65.0,379.27952,True,650.0,191.42828721407707,514.63976,ottomaass-120-7__otto-38
2013-10-26 12:00:00-05:00,65.0,380.8205236363636,False,562.5659722222222,128.51343914485204,471.69324792929285,ottomaass-120-7__otto-38
2013-10-26 13:00:00-05:00,65.07,377.16064,False,552.2364374999999,123.79728363389322,464.6985387499999,ottomaass-120-7__otto-38
2013-10-26 14:00:00-05:00,65.035,379.01466,True,650.0,191.6155715161421,514.50733,ottomaass-120-7__otto-38
2013-10-26 15:00:00-05:00,65.0,379.27952,True,650.0,191.42828721407707,514.63976,ottomaass-120-7__otto-38
2013-10-26 16:00:00-05:00,65.01166666666666,379.27952,False,568.1297314814814,133.5372651670692,473.70462574074065,ottomaass-120-7__otto-38
2013-10-26 17:00:00-05:00,65.0,379.27952,False,568.0277777777778,133.4651730118132,473.65364888888894,ottomaass-120-7__otto-38
2013-10-26 18:00:00-05:00,65.0,379.27952,False,518.8715277777778,98.70645529911148,449.07552388888894,ottomaass-120-7__otto-38
2013-10-26 19:00:00-05:00,65.06299999999999,379.27952,False,530.3086326388888,106.79370970354523,454.79407631944434,ottomaass-120-7__otto-38
2013-10-26 20:00:00-05:00,65.02625,379.27952,False,568.2571736111112,133.62738036113927,473.76834680555555,ottomaass-120-7__otto-38
2013-10-26 21:00:00-05:00,65.03499999999998,379.27952,False,519.1509201388888,98.904015532265,449.2152200694444,ottomaass-120-7__otto-38
2013-10-26 22:00:00-05:00,65.00583333333333,379.27952,True,650.0,191.42828721407707,514.63976,ottomaass-120-7__otto-38
2013-10-26 23:00:00-05:00,65.02333333333334,379.27952,False,540.9128541666668,114.2920266550417,460.09618708333335,ottomaass-120-7__otto-38
2013-10-27 00:00:00-05:00,65.01166666666666,379.27952,False,524.4274444444444,102.63508164981943,451.85348222222217,ottomaass-120-7__otto-38
2013-10-27 01:00:00-05:00,65.0,379.27952,False,557.1041666666666,125.74101352010179,468.1918433333333,ottomaass-120-7__otto-38
2013-10-27 02:00:00-05:00,65.0,379.27952,False,557.1041666666666,125.74101352010179,468.1918433333333,ottomaass-120-7__otto-38
2013-10-27 03:00:00-05:00,,,True,,,,ottomaass-120-7__otto-38
2013-10-27 04:00:00-05:00,,,False,,,,ottomaass-120-7__otto-38
2013-10-27 05:00:00-05:00,,,False,,,,ottomaass-120-7__otto-38
2013-10-27 06:00:00-05:00,,,False,,,,ottomaass-120-7__otto-38
2013-10-27 07:00:00-05:00,,,False,,,,ottomaass-120-7__otto-38
2013-10-27 08:00:00-05:00,,,False,,,,ottomaass-120-7__otto-38
2013-10-27 09:00:00-05:00,,,False,,,,ottomaass-120-7__otto-38
2013-10-27 10:00:00-05:00,1.2699999999999998,205.53135999999998,True,210.0,3.1598056466815234,207.76567999999997,ottomaass-120-7__otto-38
2013-10-27 11:00:00-05:00,1.2699999999999998,205.53135999999998,False,210.0,3.1598056466815234,207.76567999999997,ottomaass-120-7__otto-38
2013-10-27 12:00:00-05:00,1.2699999999999998,205.53135999999998,False,210.0,3.1598056466815234,207.76567999999997,ottomaass-120-7__otto-38
2013-10-27 13:00:00-05:00,1.27,205.53135999999998,True,210.0,3.1598056466815234,207.76567999999997,ottomaass-120-7__otto-38
2013-10-27 14:00:00-05:00,1.2699999999999998,205.53135999999998,True,210.0,3.1598056466815234,207.76567999999997,ottomaass-120-7__otto-38
2013-10-27 15:00:00-05:00,1.27,205.53135999999998,False,210.0,3.1598056466815234,207.76567999999997,ottomaass-120-7__otto-38
2013-10-27 16:00:00-05:00,1.2699999999999998,205.53135999999998,False,210.0,3.1598056466815234,207.76567999999997,ottomaass-120-7__otto-38
2013-10-27 17:00:00-05:00,1.2699999999999998,205.53135999999998,False,210.0,3.1598056466815234,207.76567999999997,ottomaass-120-7__otto-38
2013-10-27 18:00:00-05:00,1.27,205.53135999999998,False,210.0,3.1598056466815234,207.76567999999997,ottomaass-120-7__otto-38
2013-10-27 19:00:00-05:00,1.31375,205.53135999999998,False,210.0,3.1598056466815234,207.76567999999997,ottomaass-120-7__otto-38
2013-10-27 20:00:00-05:00,1.34,205.53135999999998,False,210.0,3.1598056466815234,207.76567999999997,ottomaass-120-7__otto-38
2013-10-27 21:00:00-05:00,1.2699999999999998,205.53135999999998,False,210.0,3.1598056466815234,207.76567999999997,ottomaass-120-7__otto-38
2013-10-27 22:00:00-05:00,1.298,205.53136,False,210.0,3.159805646683826,207.76568,ottomaass-120-7__otto-38
2013-10-27 23:00:00-05:00,1.2699999999999998,205.53135999999998,False,210.0,3.1598056466815234,207.76567999999997,ottomaass-120-7__otto-38
2013-10-28 00:00:00-05:00,1.2699999999999998,205.53135999999998,False,210.0,3.1598056466815234,207.76567999999997,ottomaass-120-7__otto-38
2013-10-28 01:00:00-05:00,1.3108333333333333,205.53135999999998,False,210.0,3.1598056466815234,207.76567999999997,ottomaass-120-7__otto-38
2013-10-28 02:00:00-05:00,1.2991666666666666,205.53135999999998,False,210.0,3.1598056466815234,207.76567999999997,ottomaass-120-7__otto-38
2013-10-28 03:00:00-05:00,1.2699999999999998,205.53135999999998,False,210.0,3.1598056466815234,207.76567999999997,ottomaass-120-7__otto-38
2013-10-28 04:00:00-05:00,1.2699999999999998,205.53135999999998,True,210.0,3.1598056466815234,207.76567999999997,ottomaass-120-7__otto-38
2013-10-28 05:00:00-05:00,1.2699999999999998,205.53135999999998,False,210.0,3.1598056466815234,207.76567999999997,ottomaass-120-7__otto-38
2013-10-28 06:00:00-05:00,1.305,205.53136,False,210.0,3.159805646683826,207.76568,ottomaass-120-7__otto-38
2013-10-28 07:00:00-05:00,1.2799999999999998,205.53135999999998,False,210.0,3.1598056466815234,207.76567999999997,ottomaass-120-7__otto-38
2013-10-28 08:00:00-05:00,,,False,,,,ottomaass-120-7__otto-38
2013-10-28 09:00:00-05:00,1.27,205.53136,False,210.0,3.159805646683826,207.76568,ottomaass-120-7__otto-38
2013-10-28 10:00:00-05:00,1.2699999999999998,205.53135999999998,True,210.0,3.1598056466815234,207.76567999999997,ottomaass-120-7__otto-38
2013-10-28 11:00:00-05:00,1.2699999999999998,205.53136,False,210.0,3.159805646683826,207.76568,ottomaass-120-7__otto-38
2013-10-28 12:00:00-05:00,30.483332833333332,339.37394666666665,True,428.7221442989439,63.17871643257906,384.04804548280526,ottomaass-120-7__otto-38
2013-10-28 13:00:00-05:00,51.43142557142857,518.2175085714285,False,449.453513465873,48.62348724061743,483.8355110186508,ottomaass-120-7__otto-38
2013-10-28 14:00:00-05:00,53.190000000000005,530.3253942857143,True,650.0,84.6227252363974,590.1626971428572,ottomaass-120-7__otto-38
2013-10-28 15:00:00-05:00,73.93458174999999,599.8196133333332,True,650.0,35.48289169456505,624.9098066666666,ottomaass-120-7__otto-38
2013-10-28 16:00:00-05:00,35.688333,314.30053333333325,False,296.88232014375,12.316536662509524,305.5914267385416,ottomaass-120-7__otto-38
2013-10-28 17:00:00-05:00,18.797499,211.5348533333333,False,210.0,1.085305200117428,210.76742666666667,ottomaass-120-7__otto-38
2013-10-28 18:00:00-05:00,18.814999,209.76912,False,210.0,0.163256813643026,209.88456,ottomaass-120-7__otto-38
2013-10-28 19:00:00-05:00,18.797499000000002,209.76911999999996,False,210.0,0.16325681368759354,209.88455999999996,ottomaass-120-7__otto-38
2013-10-28 20:00:00-05:00,18.786999,209.76912,False,210.0,0.163256813643026,209.88456,ottomaass-120-7__otto-38
2013-10-28 21:00:00-05:00,,,False,,,,ottomaass-120-7__otto-38
2013-10-28 22:00:00-05:00,18.783887888888888,207.88567111111107,False,210.0,1.495056294995823,208.94283555555552,ottomaass-120-7__otto-38
2013-10-28 23:00:00-05:00,18.754999,207.65023999999997,True,266.3340101048612,41.49569178673957,236.9921250524306,ottomaass-120-7__otto-38
2013-10-29 00:00:00-05:00,18.79166566666667,209.76911999999996,False,210.0,0.16325681368759354,209.88455999999996,ottomaass-120-7__otto-38
2013-10-29 01:00:00-05:00,18.744999000000004,209.76911999999996,False,210.0,0.16325681368759354,209.88455999999996,ottomaass-120-7__otto-38
2013-10-29 02:00:00-05:00,18.804999000000002,209.76912,False,210.0,0.163256813643026,209.88456,ottomaass-120-7__otto-38
2013-10-29 03:00:00-05:00,18.768332333333333,209.76911999999996,False,210.0,0.16325681368759354,209.88455999999996,ottomaass-120-7__otto-38
2013-10-29 04:00:00-05:00,18.803332333333334,209.76911999999996,False,210.0,0.16325681368759354,209.88455999999996,ottomaass-120-7__otto-38
2013-10-29 05:00:00-05:00,18.768332333333337,209.76911999999996,False,210.0,0.16325681368759354,209.88455999999996,ottomaass-120-7__otto-38
2013-10-29 06:00:00-05:00,18.814999,209.76911999999996,True,246.63327855833333,26.066896499333666,228.20119927916664,ottomaass-120-7__otto-38
2013-10-29 07:00:00-05:00,18.75083233333334,209.76911999999996,False,210.0,0.16325681368759354,209.88455999999996,ottomaass-120-7__otto-38
2013-10-29 08:00:00-05:00,,,False,,,,ottomaass-120-7__otto-38
2013-10-29 09:00:00-05:00,,,False,,,,ottomaass-120-7__otto-38
2013-10-29 10:00:00-05:00,18.814999,207.65023999999997,False,210.0,1.6615312301629959,208.82511999999997,ottomaass-120-7__otto-38
2013-10-29 11:00:00-05:00,,,False,,,,ottomaass-120-7__otto-38
2013-10-29 12:00:00-05:00,,,True,,,,ottomaass-120-7__otto-38
2013-10-29 13:00:00-05:00,18.803332333333334,217.18519999999998,True,243.91284437774883,18.899298584648783,230.5490221888744,ottomaass-120-7__otto-38
2013-10-29 14:00:00-05:00,21.94611,220.12808888888887,False,210.0,7.161640333792197,215.06404444444445,ottomaass-120-7__otto-38
2013-10-29 15:00:00-05:00,49.753748,365.6833733333333,False,401.3469005333334,25.21792192415137,383.51513693333334,ottomaass-120-7__otto-38
2013-10-29 16:00:00-05:00,50.579997999999996,377.9311418181818,False,437.7628576902777,42.30741202318628,407.8469997542297,ottomaass-120-7__otto-38
2013-10-29 17:00:00-05:00,50.579997999999996,387.75504,False,408.0119838666666,14.323822374235549,397.8835119333333,ottomaass-120-7__otto-38
2013-10-29 18:00:00-05:00,50.579997999999996,302.99984,True,650.0,245.3661662088171,476.49992,ottomaass-120-7__otto-38
2013-10-29 19:00:00-05:00,50.579997999999996,302.99984,False,408.0119838666666,74.25479903505695,355.5059119333333,ottomaass-120-7__otto-38
2013-10-29 20:00:00-05:00,50.579997999999996,302.99984,False,420.7623583624999,83.2706753037291,361.88109918124997,ottomaass-120-7__otto-38
2013-10-29 21:00:00-05:00,50.579997999999996,301.6514618181818,False,442.01298252222216,99.25058310748311,371.832222170202,ottomaass-120-7__otto-38
2013-10-29 22:00:00-05:00,50.579997999999996,302.36417599999993,False,408.0119838666666,74.70428136001367,355.18807993333326,ottomaass-120-7__otto-38
2013-10-29 23:00:00-05:00,50.579997999999996,302.99984,False,437.7628576902777,95.291843661958,370.38134884513886,ottomaass-120-7__otto-38
2013-10-30 00:00:00-05:00,50.609998,302.99984,True,650.0,245.3661662088171,476.49992,ottomaass-120-7__otto-38
2013-10-30 01:00:00-05:00,50.579997999999996,302.99984,True,650.0,245.3661662088171,476.49992,ottomaass-120-7__otto-38
2013-10-30 02:00:00-05:00,,,False,,,,ottomaass-120-7__otto-38
2013-10-30 03:00:00-05:00,50.579997999999996,302.99984,False,429.2626080263888,89.28125948284362,366.1312240131944,ottomaass-120-7__otto-38
2013-10-30 04:00:00-05:00,,,False,,,,ottomaass-120-7__otto-38
2013-10-30 05:00:00-05:00,50.579997999999996,302.99984,False,416.5122335305555,80.26538321417225,359.7560367652777,ottomaass-120-7__otto-38
2013-10-30 06:00:00-05:00,50.579997999999996,302.99984,False,429.2626080263888,89.28125948284362,366.1312240131944,ottomaass-120-7__otto-38
2013-10-30 07:00:00-05:00,50.579997999999996,301.9404,False,442.01298252222216,99.04627295977558,371.9766912611111,ottomaass-120-7__otto-38
2013-10-30 08:00:00-05:00,50.579997999999996,300.88095999999996,False,420.7623583624999,84.7689497202495,360.82165918124997,ottomaass-120-7__otto-38
2013-10-30 09:00:00-05:00,50.579997999999996,300.88095999999996,False,442.01298252222216,99.79541016803584,371.44697126111106,ottomaass-120-7__otto-38
2013-10-30 10:00:00-05:00,50.579997999999996,300.88095999999996,False,442.01298252222216,99.79541016803584,371.44697126111106,ottomaass-120-7__otto-38
2013-10-30 11:00:00-05:00,50.579997999999996,302.99984,False,420.7623583624999,83.2706753037291,361.88109918124997,ottomaass-120-7__otto-38
2013-10-30 12:00:00-05:00,,,False,,,,ottomaass-120-7__otto-38
2013-10-30 13:00:00-05:00,68.14318036363635,571.9049745454545,True,650.0,55.22152207584507,610.9524872727272,ottomaass-120-7__otto-38
2013-10-30 14:00:00-05:00,58.404999,582.692,True,650.0,47.59394322810527,616.346,ottomaass-120-7__otto-38
2013-10-30 15:00:00-05:00,69.24555522222222,588.8132088888888,True,650.0,43.26559491371097,619.4066044444444,ottomaass-120-7__otto-38
2013-10-30 16:00:00-05:00,34.255000200000005,338.597024,True,458.380668474896,84.69982728343737,398.488846237448,ottomaass-120-7__otto-38
2013-10-30 17:00:00-05:00,9.129999999999997,205.53135999999998,False,210.0,3.1598056466815234,207.76567999999997,ottomaass-120-7__otto-38
2013-10-30 18:00:00-05:00,9.118333333333334,205.53135999999998,False,210.0,3.1598056466815234,207.76567999999997,ottomaass-120-7__otto-38
2013-10-30 19:00:00-05:00,9.141666666666666,205.53135999999998,True,210.0,3.1598056466815234,207.76567999999997,ottomaass-120-7__otto-38
2013-10-30 20:00:00-05:00,9.165,205.53135999999998,False,210.0,3.1598056466815234,207.76567999999997,ottomaass-120-7__otto-38
2013-10-30 21:00:00-05:00,9.164999999999997,205.53135999999998,False,210.0,3.1598056466815234,207.76567999999997,ottomaass-120-7__otto-38
2013-10-30 22:00:00-05:00,9.141666666666664,205.53135999999998,False,210.0,3.1598056466815234,207.76567999999997,ottomaass-120-7__otto-38
2013-10-30 23:00:00-05:00,9.153333333333329,205.53135999999998,False,210.0,3.1598056466815234,207.76567999999997,ottomaass-120-7__otto-38
2013-10-31 00:00:00-05:00,9.164999999999997,205.53135999999998,False,210.0,3.1598056466815234,207.76567999999997,ottomaass-120-7__otto-38
2013-10-31 01:00:00-05:00,9.15333333333333,205.53135999999998,False,210.0,3.1598056466815234,207.76567999999997,ottomaass-120-7__otto-38
2013-10-31 02:00:00-05:00,9.147499999999997,205.53135999999998,False,210.0,3.1598056466815234,207.76567999999997,ottomaass-120-7__otto-38
2013-10-31 03:00:00-05:00,9.164999999999997,205.53135999999998,False,210.0,3.1598056466815234,207.76567999999997,ottomaass-120-7__otto-38
2013-10-31 04:00:00-05:00,9.164999999999997,205.53135999999998,False,210.0,3.1598056466815234,207.76567999999997,ottomaass-120-7__otto-38
2013-10-31 05:00:00-05:00,9.141666666666666,205.53135999999998,False,210.0,3.1598056466815234,207.76567999999997,ottomaass-120-7__otto-38
2013-10-31 06:00:00-05:00,9.129999999999997,205.53135999999998,False,210.0,3.1598056466815234,207.76567999999997,ottomaass-120-7__otto-38
2013-10-31 07:00:00-05:00,9.165,205.53135999999998,False,210.0,3.1598056466815234,207.76567999999997,ottomaass-120-7__otto-38
2013-10-31 08:00:00-05:00,59.303999999999995,436.27739199999996,False,473.4024166666667,26.25135669351737,454.8399043333333,ottomaass-120-7__otto-38
2013-10-31 09:00:00-05:00,64.875,622.9507199999999,False,523.325,70.44602219259077,573.13786,ottomaass-120-7__otto-38
2013-10-31 10:00:00-05:00,65.17222255555556,569.97872,False,536.6751493498458,23.54918064444985,553.3269346749229,ottomaass-120-7__otto-38
2013-10-31 11:00:00-05:00,53.96458283333334,385.8127333333334,True,650.0,186.80860776313864,517.9063666666667,ottomaass-120-7__otto-38
2013-10-31 12:00:00-05:00,38.9658315,399.93859999999995,False,324.147010790625,53.59274668685402,362.0428053953125,ottomaass-120-7__otto-38
2013-10-31 13:00:00-05:00,64.36416491666667,515.94728,True,650.0,94.78958734850231,582.9736399999999,ottomaass-120-7__otto-38
2013-10-31 14:00:00-05:00,65.30166550000001,614.1220533333333,True,650.0,25.369539383047428,632.0610266666666,ottomaass-120-7__otto-38
2013-10-31 15:00:00-05:00,68.50000200000002,456.0889199999999,False,558.3225857458336,72.29011831443808,507.2057528729168,ottomaass-120-7__otto-38
2013-10-31 16:00:00-05:00,37.22777688888888,338.54993777777764,False,319.0730710851851,13.772224514600287,328.81150443148135,ottomaass-120-7__otto-38
2013-10-31 17:00:00-05:00,19.80333333333333,210.4754133333333,False,210.0,0.3361679918582128,210.23770666666667,ottomaass-120-7__otto-38
2013-10-31 18:00:00-05:00,19.795,209.76911999999996,False,210.0,0.16325681368759354,209.88455999999996,ottomaass-120-7__otto-38
2013-10-31 19:00:00-05:00,19.785,207.65024,False,210.0,1.6615312301629959,208.82512,ottomaass-120-7__otto-38
2013-10-31 20:00:00-05:00,19.817083333333333,207.65023999999997,False,210.0,1.6615312301629959,208.82511999999997,ottomaass-120-7__otto-38
2013-10-31 21:00:00-05:00,19.82166666666667,207.65024000000003,True,276.06832725694454,48.378893455198515,241.85928362847227,ottomaass-120-7__otto-38
2013-10-31 22:00:00-05:00,19.82166666666667,207.65023999999997,False,210.0,1.6615312301629959,208.82511999999997,ottomaass-120-7__otto-38
2013-10-31 23:00:00-05:00,19.84,207.65024,False,210.0,1.6615312301629959,208.82512,ottomaass-120-7__otto-38
2013-11-01 00:00:00-05:00,19.80333333333333,207.65023999999997,False,210.0,1.6615312301629959,208.82511999999997,ottomaass-120-7__otto-38
2013-11-01 01:00:00-05:00,19.829,207.65024,False,210.0,1.6615312301629959,208.82512,ottomaass-120-7__otto-38
2013-11-01 02:00:00-05:00,19.79285714285714,207.65023999999997,False,210.0,1.6615312301629959,208.82511999999997,ottomaass-120-7__otto-38
2013-11-01 03:00:00-05:00,19.796,207.65024,False,210.0,1.6615312301629959,208.82512,ottomaass-120-7__otto-38
2013-11-01 04:00:00-05:00,19.821666666666665,207.65023999999997,False,210.0,1.6615312301629959,208.82511999999997,ottomaass-120-7__otto-38
2013-11-01 05:00:00-05:00,19.785,207.65024,False,210.0,1.6615312301629959,208.82512,ottomaass-120-7__otto-38
2013-11-01 06:00:00-05:00,19.835416666666667,207.65023999999997,True,276.2598318142361,48.5143076262875,241.95503590711803,ottomaass-120-7__otto-38
2013-11-01 07:00:00-05:00,19.821666666666665,207.65023999999997,False,210.0,1.6615312301629959,208.82511999999997,ottomaass-120-7__otto-38
2013-11-01 08:00:00-05:00,19.785,208.49779199999998,False,210.0,1.062221463547577,209.248896,ottomaass-120-7__otto-38
2013-11-01 09:00:00-05:00,19.794166666666666,207.12051999999997,False,210.0,2.036099834294425,208.56025999999997,ottomaass-120-7__otto-38
2013-11-01 10:00:00-05:00,19.82166666666667,210.82855999999995,False,210.0,0.5858803946388793,210.41427999999996,ottomaass-120-7__otto-38
2013-11-01 11:00:00-05:00,19.84,208.17995999999997,True,262.7783888888889,38.60691930946487,235.47917444444442,ottomaass-120-7__otto-38
2013-11-01 12:00:00-05:00,42.10928514285714,426.5002742857142,False,336.14321716468254,63.89208781834131,381.3217457251984,ottomaass-120-7__otto-38
2013-11-01 13:00:00-05:00,69.150002,627.1884799999999,False,598.4836631430557,20.29737065226224,612.8360715715278,ottomaass-120-7__otto-38
2013-11-01 14:00:00-05:00,89.94249599999999,628.2479199999999,True,650.0,15.381043272917239,639.1239599999999,ottomaass-120-7__otto-38
2013-11-01 15:00:00-05:00,78.36374675,553.5573999999999,False,632.1342237833333,55.56220494129548,592.8458118916666,ottomaass-120-7__otto-38
2013-11-01 16:00:00-05:00,43.139998999999996,295.5837600000001,False,358.87086668125,44.75074229598803,327.2273133406251,ottomaass-120-7__otto-38
2013-11-01 17:00:00-05:00,43.139998999999996,269.8040533333334,False,369.7457414291667,70.6694453757943,319.77489738125007,ottomaass-120-7__otto-38
2013-11-01 18:00:00-05:00,43.139998999999996,265.91944,False,358.87086668125,65.72658412727576,312.39515334062503,ottomaass-120-7__otto-38
2013-11-01 19:00:00-05:00,43.0,262.74111999999997,False,343.25347222222223,56.93083022561311,302.9972961111111,ottomaass-120-7__otto-38
2013-11-01 20:00:00-05:00,43.0,263.1263709090909,False,372.15902777777774,77.09773104263459,317.6426993434343,ottomaass-120-7__otto-38
2013-11-01 21:00:00-05:00,43.0,264.85999999999996,False,354.0930555555555,63.09729868932936,309.47652777777773,ottomaass-120-7__otto-38
2013-11-01 22:00:00-05:00,43.0,263.80055999999996,False,350.47986111111106,61.29152160417704,307.14021055555554,ottomaass-120-7__otto-38
2013-11-01 23:00:00-05:00,43.0,263.4474133333334,False,364.93263888888885,71.76089118057938,314.19002611111114,ottomaass-120-7__otto-38
2013-11-02 00:00:00-05:00,43.0,264.85999999999996,False,357.70624999999995,65.65221298274172,311.2831249999999,ottomaass-120-7__otto-38
2013-11-02 01:00:00-05:00,43.0,264.86,False,375.7722222222222,78.42678444980243,320.3161111111111,ottomaass-120-7__otto-38
2013-11-02 02:00:00-05:00,43.0,308.1204666666667,False,361.3194444444444,37.617357938858866,334.71995555555554,ottomaass-120-7__otto-38
2013-11-02 03:00:00-05:00,43.007777777777775,262.74111999999997,False,343.3155594135803,56.9747324996472,303.0283397067901,ottomaass-120-7__otto-38
2013-11-02 04:00:00-05:00,43.01166666666666,262.74112,False,365.0316516203703,72.3303285599408,313.8863858101852,ottomaass-120-7__otto-38
2013-11-02 05:00:00-05:00,43.0,262.74111999999997,False,350.47986111111106,62.04065881243725,306.61049055555554,ottomaass-120-7__otto-38
2013-11-02 06:00:00-05:00,43.0,262.74112,True,563.6583333333333,212.780602123759,413.19972666666666,ottomaass-120-7__otto-38
2013-11-02 07:00:00-05:00,43.01166666666666,263.4474133333334,False,375.8741759259259,79.49772621607191,319.66079462962966,ottomaass-120-7__otto-38
2013-11-02 08:00:00-05:00,43.0,264.85999999999996,False,364.93263888888885,70.76204156956558,314.89631944444443,ottomaass-120-7__otto-38
2013-11-02 09:00:00-05:00,43.0,264.85999999999996,False,350.47986111111106,60.54238439591682,307.66993055555554,ottomaass-120-7__otto-38
2013-11-02 10:00:00-05:00,43.02916666666666,264.86,False,347.1019444444444,58.1538366146335,305.98097222222225,ottomaass-120-7__otto-38
2013-11-02 11:00:00-05:00,43.0,264.86,True,575.4012152777777,219.58579916082803,420.1306076388889,ottomaass-120-7__otto-38
2013-11-02 12:00:00-05:00,43.0,264.86,True,575.4012152777777,219.58579916082803,420.1306076388889,ottomaass-120-7__otto-38
2013-11-02 13:00:00-05:00,43.017500000000005,264.86,True,610.8783732638889,244.67193815003375,437.86918663194444,ottomaass-120-7__otto-38
2013-11-02 14:00:00-05:00,43.03000000000001,263.6492114285714,True,575.8026579861112,220.72581883158907,419.72593470734125,ottomaass-120-7__otto-38
2013-11-02 15:00:00-05:00,43.0,262.74112,True,598.8869791666666,237.6910164845282,430.8140495833333,ottomaass-120-7__otto-38
2013-11-02 16:00:00-05:00,43.035,262.74111999999997,True,587.6220052083332,229.72547700870072,425.18156260416663,ottomaass-120-7__otto-38
2013-11-02 17:00:00-05:00,43.01,262.74111999999997,False,343.33329861111116,56.98727600651425,303.03720930555556,ottomaass-120-7__otto-38
2013-11-02 18:00:00-05:00,43.0,311.2827345454545,False,350.47986111111106,27.716553997603135,330.88129782828275,ottomaass-120-7__otto-38
2013-11-02 19:00:00-05:00,43.0,262.74112,False,364.93263888888885,72.26031598608643,313.83687944444443,ottomaass-120-7__otto-38
2013-11-02 20:00:00-05:00,42.97727272727273,262.74112,False,371.9623263888889,77.23105568695856,317.3517231944445,ottomaass-120-7__otto-38
2013-11-02 21:00:00-05:00,43.0,262.74111999999997,False,372.15902777777774,77.37014457291114,317.4500738888888,ottomaass-120-7__otto-38
2013-11-02 22:00:00-05:00,42.805,262.74112,False,359.68090277777776,68.54677776891762,311.2110113888889,ottomaass-120-7__otto-38
2013-11-02 23:00:00-05:00,42.8225,262.74112,False,352.6313923611111,63.562021149247386,307.6862561805556,ottomaass-120-7__otto-38
2013-11-03 00:00:00-05:00,42.805,262.74112,False,341.6968576388889,55.83013749804415,302.21898881944446,ottomaass-120-7__otto-38
2013-11-03 01:00:00-05:00,42.805,262.74111999999997,False,352.48728472222217,63.46012166056781,307.6142023611111,ottomaass-120-7__otto-38
2013-11-03 02:00:00-05:00,42.805,262.74111999999997,False,352.48728472222217,63.46012166056781,307.6142023611111,ottomaass-120-7__otto-38
2013-11-03 03:00:00-05:00,42.805,262.74111999999997,False,363.27771180555555,71.09010582309253,313.00941590277773,ottomaass-120-7__otto-38
2013-11-03 04:00:00-05:00,42.805,262.74111999999997,False,370.4713298611111,76.17676193144159,316.6062249305555,ottomaass-120-7__otto-38
2013-11-03 05:00:00-05:00,42.805,262.74112,False,359.68090277777776,68.54677776891762,311.2110113888889,ottomaass-120-7__otto-38
2013-11-03 06:00:00-05:00,42.805,262.74111999999997,False,341.6968576388889,55.83013749804415,302.21898881944446,ottomaass-120-7__otto-38
2013-11-03 07:00:00-05:00,42.805,322.7760533333333,False,341.6968576388889,13.3790290299613,332.23645548611114,ottomaass-120-7__otto-38
2013-11-03 08:00:00-05:00,42.805,264.86,False,345.29366666666664,56.875191135698564,305.0768333333333,ottomaass-120-7__otto-38
2013-11-03 09:00:00-05:00,42.805,264.86,False,348.89047569444443,59.418519189872725,306.87523784722225,ottomaass-120-7__otto-38
2013-11-03 10:00:00-05:00,42.805,263.27084,True,607.8607256944446,243.66184490283905,435.5657828472223,ottomaass-120-7__otto-38
2013-11-03 11:00:00-05:00,42.805,263.4474133333334,False,370.4713298611111,75.67733712593474,316.95937159722223,ottomaass-120-7__otto-38
2013-11-03 12:00:00-05:00,42.805,264.50685333333337,False,374.0681388888889,77.47152797184904,319.2874961111111,ottomaass-120-7__otto-38
2013-11-03 13:00:00-05:00,42.805,262.74112,True,578.63665234375,223.37187306679996,420.688886171875,ottomaass-120-7__otto-38
2013-11-03 14:00:00-05:00,42.805,264.85999999999996,True,578.63665234375,221.87359865027958,421.74832617187496,ottomaass-120-7__otto-38
2013-11-03 15:00:00-05:00,42.810833333333335,264.86,True,561.178673611111,209.5289435026198,413.0193368055555,ottomaass-120-7__otto-38
2013-11-03 16:00:00-05:00,42.81666666666667,278.80929333333336,False,370.57230324074084,64.88624656761642,324.69079828703707,ottomaass-120-7__otto-38
2013-11-03 17:00:00-05:00,42.805,264.85999999999996,False,363.27771180555555,69.5918314065721,314.0688559027777,ottomaass-120-7__otto-38
2013-11-03 18:00:00-05:00,42.77722055555555,264.85999999999996,False,352.2585287137345,61.800092319208716,308.55926435686723,ottomaass-120-7__otto-38
2013-11-03 19:00:00-05:00,42.80083308333334,264.86,False,374.0317246671297,77.1960668259582,319.44586233356483,ottomaass-120-7__otto-38
2013-11-03 20:00:00-05:00,42.805,264.85999999999996,False,356.08409374999997,64.50517529822258,310.47204687499993,ottomaass-120-7__otto-38
2013-11-03 21:00:00-05:00,42.805,264.85999999999996,False,359.68090277777776,67.04850335239665,312.2704513888889,ottomaass-120-7__otto-38
2013-11-03 22:00:00-05:00,42.805,264.86,True,584.481467013889,226.0065067383132,424.6707335069445,ottomaass-120-7__otto-38
2013-11-03 23:00:00-05:00,42.805,264.85999999999996,False,366.87452083333335,72.13515946074618,315.8672604166667,ottomaass-120-7__otto-38
2013-11-04 00:00:00-05:00,42.805,264.86,True,584.481467013889,226.0065067383132,424.6707335069445,ottomaass-120-7__otto-38
2013-11-04 01:00:00-05:00,42.805,264.85999999999996,False,374.0681388888889,77.22181556909581,319.4640694444444,ottomaass-120-7__otto-38
2013-11-04 02:00:00-05:00,42.826,264.86,False,352.66021388888896,62.08412663046255,308.7601069444445,ottomaass-120-7__otto-38
2013-11-04 03:00:00-05:00,42.805,264.86,False,348.89047569444443,59.418519189872725,306.87523784722225,ottomaass-120-7__otto-38
2013-11-04 04:00:00-05:00,42.805,264.86,False,345.29366666666664,56.875191135698564,305.0768333333333,ottomaass-120-7__otto-38
2013-11-04 05:00:00-05:00,42.805,264.86,False,366.87452083333335,72.13515946074658,315.8672604166667,ottomaass-120-7__otto-38
2013-11-04 06:00:00-05:00,42.805,264.85999999999996,False,356.08409374999997,64.50517529822258,310.47204687499993,ottomaass-120-7__otto-38
2013-11-04 07:00:00-05:00,42.805,264.85999999999996,True,572.7918376736112,217.7406905622456,418.8259188368056,ottomaass-120-7__otto-38
2013-11-04 08:00:00-05:00,42.805,264.012448,False,366.87452083333335,72.73446922735455,315.4434844166667,ottomaass-120-7__otto-38
2013-11-04 09:00:00-05:00,42.805,260.62224000000003,False,359.68090277777776,70.04505218543787,310.1515713888889,ottomaass-120-7__otto-38
2013-11-04 10:00:00-05:00,42.805,262.74111999999997,False,370.4713298611111,76.17676193144159,316.6062249305555,ottomaass-120-7__otto-38
2013-11-04 11:00:00-05:00,42.805,371.5985799999999,False,359.68090277777776,8.427070379825533,365.63974138888887,ottomaass-120-7__otto-38
2013-11-04 12:00:00-05:00,42.805,286.0487999999999,True,566.9470230034723,198.62503830900633,426.4979115017361,ottomaass-120-7__otto-38
2013-11-04 13:00:00-05:00,42.83416666666667,292.75858666666664,False,352.7274641203704,42.40439990765878,322.74302539351856,ottomaass-120-7__otto-38
2013-11-04 14:00:00-05:00,42.805,278.9858666666667,True,590.3262816840279,220.15091871621019,434.65607417534727,ottomaass-120-7__otto-38
2013-11-04 15:00:00-05:00,42.805,351.3809333333332,True,561.1022083333334,148.29533571158865,456.2415708333333,ottomaass-120-7__otto-38
2013-11-04 16:00:00-05:00,42.805,264.85999999999996,False,345.29366666666664,56.875191135698564,305.0768333333333,ottomaass-120-7__otto-38
2013-11-04 17:00:00-05:00,42.805,264.85999999999996,False,370.4713298611111,74.67848751492096,317.6656649305555,ottomaass-120-7__otto-38
2013-11-04 18:00:00-05:00,42.805,264.85999999999996,False,348.89047569444443,59.418519189872974,306.8752378472222,ottomaass-120-7__otto-38
2013-11-04 19:00:00-05:00,42.805,264.86,False,370.4713298611111,74.67848751492134,317.6656649305555,ottomaass-120-7__otto-38
2013-11-04 20:00:00-05:00,42.805,264.85999999999996,False,352.48728472222217,61.96184724404726,308.6736423611111,ottomaass-120-7__otto-38
2013-11-04 21:00:00-05:00,,,False,,,,ottomaass-120-7__otto-38
2013-11-04 22:00:00-05:00,42.805,263.6492114285714,False,359.68090277777776,67.90466016183701,311.6650571031746,ottomaass-120-7__otto-38
2013-11-04 23:00:00-05:00,42.805,263.62398666666667,False,363.27771180555555,70.4658248162085,313.45084923611114,ottomaass-120-7__otto-38
2013-11-05 00:00:00-05:00,42.805,262.74112,True,555.2573936631945,206.8402407146647,408.9992568315973,ottomaass-120-7__otto-38
2013-11-05 01:00:00-05:00,42.805,262.74111999999997,False,345.29366666666664,58.37346555221909,304.0173933333333,ottomaass-120-7__otto-38
2013-11-05 02:00:00-05:00,42.805,262.74111999999997,False,366.87452083333335,73.63343387726673,314.8078204166667,ottomaass-120-7__otto-38
2013-11-05 03:00:00-05:00,42.831250000000004,262.74111999999997,False,370.69851996527785,76.33740959471632,316.7198199826389,ottomaass-120-7__otto-38
2013-11-05 04:00:00-05:00,42.805,262.74112,False,352.48728472222217,63.460121660568035,307.6142023611111,ottomaass-120-7__otto-38
2013-11-05 05:00:00-05:00,42.805,262.74112,False,356.08409374999997,66.00344971474301,309.412606875,ottomaass-120-7__otto-38
2013-11-05 06:00:00-05:00,42.805,262.74112,True,572.7918376736112,219.23896497876615,417.7664788368056,ottomaass-120-7__otto-38
2013-11-05 07:00:00-05:00,42.805,262.74112,False,341.6968576388889,55.83013749804415,302.21898881944446,ottomaass-120-7__otto-38
2013-11-05 08:00:00-05:00,42.82833333333334,263.27084,False,363.4757372685186,70.85556236667087,313.3732886342593,ottomaass-120-7__otto-38
2013-11-05 09:00:00-05:00,42.805,293.46488,False,363.27771180555555,49.36512678354426,328.3712959027778,ottomaass-120-7__otto-38
2013-11-05 10:00:00-05:00,42.805,264.85999999999996,True,578.63665234375,221.87359865027958,421.74832617187496,ottomaass-120-7__otto-38
2013-11-05 11:00:00-05:00,,,True,,,,ottomaass-120-7__otto-38
2013-11-05 12:00:00-05:00,42.805,264.85999999999996,False,359.68090277777776,67.04850335239665,312.2704513888889,ottomaass-120-7__otto-38
2013-11-05 13:00:00-05:00,42.805,264.86,False,348.89047569444443,59.418519189872725,306.87523784722225,ottomaass-120-7__otto-38
2013-11-05 14:00:00-05:00,42.805,259.56280000000004,True,584.481467013889,229.75219277961457,422.0221335069445,ottomaass-120-7__otto-38
2013-11-05 15:00:00-05:00,63.32000000000001,597.9479359999999,False,542.7051666666667,39.06253680712486,570.3265513333333,ottomaass-120-7__otto-38
2013-11-05 16:00:00-05:00,63.32000000000001,372.92287999999996,False,532.063888888889,112.52968655020216,452.4933844444445,ottomaass-120-7__otto-38
2013-11-05 17:00:00-05:00,51.467499999999994,485.40009333333325,False,428.1452656249999,40.485276928230185,456.7726794791666,ottomaass-120-7__otto-38
2013-11-05 18:00:00-05:00,21.52333333333333,212.94744,False,210.0,2.0841548111398107,211.47372000000001,ottomaass-120-7__otto-38
2013-11-05 19:00:00-05:00,21.535,205.53135999999998,False,210.0,3.1598056466815234,207.76567999999997,ottomaass-120-7__otto-38
2013-11-05 20:00:00-05:00,21.535,205.53136,True,282.28795833333334,54.27511118231197,243.90965916666667,ottomaass-120-7__otto-38
2013-11-05 21:00:00-05:00,21.535,205.53136,True,299.9309557291667,66.7505942813625,252.73115786458337,ottomaass-120-7__otto-38
2013-11-05 22:00:00-05:00,21.535,206.41422666666665,True,302.87145529513896,68.20556045765382,254.6428409809028,ottomaass-120-7__otto-38
2013-11-05 23:00:00-05:00,21.535,207.65023999999997,False,210.0,1.6615312301629959,208.82511999999997,ottomaass-120-7__otto-38
2013-11-06 00:00:00-05:00,21.425833333333333,207.65023999999997,False,210.0,1.6615312301629959,208.82511999999997,ottomaass-120-7__otto-38
2013-11-06 01:00:00-05:00,21.535,207.65023999999997,False,210.0,1.6615312301629959,208.82511999999997,ottomaass-120-7__otto-38
2013-11-06 02:00:00-05:00,21.47,207.65023999999997,False,210.0,1.6615312301629959,208.82511999999997,ottomaass-120-7__otto-38
2013-11-06 03:00:00-05:00,21.4375,207.65023999999997,False,210.0,1.6615312301629959,208.82511999999997,ottomaass-120-7__otto-38
2013-11-06 04:00:00-05:00,21.535,207.65023999999997,False,210.0,1.6615312301629959,208.82511999999997,ottomaass-120-7__otto-38
2013-11-06 05:00:00-05:00,21.535,207.65023999999997,False,210.0,1.6615312301629959,208.82511999999997,ottomaass-120-7__otto-38
2013-11-06 06:00:00-05:00,21.535,207.65023999999997,False,210.0,1.6615312301629959,208.82511999999997,ottomaass-120-7__otto-38
2013-11-06 07:00:00-05:00,21.52333333333333,207.65023999999997,False,210.0,1.6615312301629959,208.82511999999997,ottomaass-120-7__otto-38
2013-11-06 08:00:00-05:00,21.502499999999998,207.65023999999997,False,210.0,1.6615312301629959,208.82511999999997,ottomaass-120-7__otto-38
2013-11-06 09:00:00-05:00,21.535,207.65024,False,210.0,1.6615312301629959,208.82512,ottomaass-120-7__otto-38
2013-11-06 10:00:00-05:00,21.535,206.6871127272727,True,288.1689574652778,57.61636495783282,247.42803509627527,ottomaass-120-7__otto-38
2013-11-06 11:00:00-05:00,21.535,205.53135999999998,True,288.1689574652778,58.433605548662335,246.85015873263887,ottomaass-120-7__otto-38
2013-11-06 12:00:00-05:00,,,True,,,,ottomaass-120-7__otto-38
2013-11-06 13:00:00-05:00,21.535,205.53135999999998,True,291.10945703125003,60.512852731837306,248.320408515625,ottomaass-120-7__otto-38
2013-11-06 14:00:00-05:00,39.01571357142858,265.4653942857143,False,324.5619672723215,41.78758750371526,295.01368077901793,ottomaass-120-7__otto-38
2013-11-06 15:00:00-05:00,42.42249916666667,432.25151999999997,False,367.1608382737269,46.02606244070342,399.7061791368634,ottomaass-120-7__otto-38
2013-11-06 16:00:00-05:00,59.342499999999994,583.2217199999999,True,650.0,47.21937462397259,616.61086,ottomaass-120-7__otto-38
2013-11-06 17:00:00-05:00,46.60208333333333,298.9386533333333,False,387.6710807291667,62.74330112273695,343.30486703125,ottomaass-120-7__otto-38
2013-11-06 18:00:00-05:00,46.57,472.51023999999995,False,387.40418750000003,60.17906684276842,429.95721375,ottomaass-120-7__otto-38
2013-11-06 19:00:00-05:00,46.462500000000006,282.51733333333334,False,402.1264843750001,84.57644179352818,342.32190885416674,ottomaass-120-7__otto-38
2013-11-06 20:00:00-05:00,46.462500000000006,346.43688,True,628.0786230468751,199.1507863736446,487.25775152343755,ottomaass-120-7__otto-38
2013-11-06 21:00:00-05:00,46.43020833333333,282.51733333333334,False,390.14272280092587,76.1026427203777,336.3300280671296,ottomaass-120-7__otto-38
2013-11-06 22:00:00-05:00,46.43,278.63272,False,370.63392361111113,65.05467495074082,324.63332180555557,ottomaass-120-7__otto-38
2013-11-06 23:00:00-05:00,46.4025,283.92992,False,405.50629166666675,85.96747683755619,344.71810583333337,ottomaass-120-7__otto-38
2013-11-07 00:00:00-05:00,46.43,283.92992,False,374.5353333333333,64.06770218020996,329.23262666666665,ottomaass-120-7__otto-38
2013-11-07 01:00:00-05:00,46.43,282.1641866666667,False,370.63392361111113,62.557550923206726,326.3990551388889,ottomaass-120-7__otto-38
2013-11-07 02:00:00-05:00,46.43,280.39845333333335,False,394.04238194444446,80.35839256159673,337.2204176388889,ottomaass-120-7__otto-38
2013-11-07 03:00:00-05:00,46.43,282.658592,True,608.6199166666665,230.48946307634972,445.63925433333327,ottomaass-120-7__otto-38
2013-11-07 04:00:00-05:00,46.43,283.92992,False,382.3381527777778,69.58512872175096,333.1340363888889,ottomaass-120-7__otto-38
2013-11-07 05:00:00-05:00,46.43,283.92992,False,405.7466111111111,86.13740834637385,344.83826555555555,ottomaass-120-7__otto-38
2013-11-07 06:00:00-05:00,46.43,298.4089333333333,False,397.94379166666664,70.38177329194241,348.1763625,ottomaass-120-7__otto-38
2013-11-07 07:00:00-05:00,46.4025,281.81104,False,405.50629166666675,87.46575125407676,343.6586658333334,ottomaass-120-7__otto-38
2013-11-07 08:00:00-05:00,46.397000000000006,281.81104,False,385.96504375000006,73.64800233935442,333.888041875,ottomaass-120-7__otto-38
2013-11-07 09:00:00-05:00,,,False,,,,ottomaass-120-7__otto-38
2013-11-07 10:00:00-05:00,60.934998,385.63616,False,512.0232470833334,89.36916633104005,448.82970354166673,ottomaass-120-7__otto-38
2013-11-07 11:00:00-05:00,60.934997999999986,397.6431466666667,True,650.0,178.44324227089885,523.8215733333334,ottomaass-120-7__otto-38
2013-11-07 12:00:00-05:00,32.243748583333335,316.24283999999994,False,279.0651656903357,26.288585613107717,297.65400284516784,ottomaass-120-7__otto-38
2013-11-07 13:00:00-05:00,48.842498500000005,407.70782666666656,False,422.7250408371528,10.618773974483632,415.2164337519097,ottomaass-120-7__otto-38
2013-11-07 14:00:00-05:00,54.03583291666666,471.8039466666667,True,650.0,126.00363769267996,560.9019733333333,ottomaass-120-7__otto-38
2013-11-07 15:00:00-05:00,39.059998,350.3214933333333,True,528.0118323390625,125.64604366228745,439.16666283619793,ottomaass-120-7__otto-38
2013-11-07 16:00:00-05:00,39.059998,323.30577333333326,True,522.6783794871528,140.97772179420062,422.99207641024304,ottomaass-120-7__otto-38
2013-11-07 17:00:00-05:00,39.059998,404.70608,False,321.64823353055556,58.73076646929531,363.1771567652778,ottomaass-120-7__otto-38
